 [-1.8672641466402562, 100.83039273813128],
                        [-1.8752099745001714, 100.83593954643644],
                        [-1.8765181910168705, 100.83673348031378],
                        [-1.8767443993228115, 100.83803287860579],
                        [-1.8769870349268718, 100.8380783972027],
                        [-1.8772448352192859, 100.83736527251787],
                        [-1.8773282412198364, 100.83730458105002],
                        [-1.8775329649446015, 100.83723630315467],
                        [-1.8778362593075983, 100.83725906245311],
                        [-1.9440115076595423, 100.8680766277551],
                        [-1.9463619465812456, 100.86850905442373],
                        [-1.9470670776113344, 100.86842560366273],
                        [-1.9472642109648324, 100.8684635358268],
                        [-1.9473021212224773, 100.86856215945345],
                        [-1.9472945391710195, 100.86873664740824],
                        [-1.9470670776113344, 100.86884285746768],
                        [-1.9448758630146035, 100.86881251173641],
                        [-1.944845534764919, 100.86907803688501],
                        [-1.9450123401314465, 100.86932459595161],
                        [-1.9451829365119604, 100.86940046027976],
                        [-1.9455847856956798, 100.86938528741415],
                        [-1.946043500212904, 100.86922597232497],
                        [-1.9464074389146604, 100.8691539012132],
                        [-1.9469002724692395, 100.86915390121123],
                        [-1.9471163609730477, 100.86924873162145],
                        [-1.9478707750362476, 100.86932459595077],
                        [-1.9488564411028837, 100.86921838589133],
                        [-1.9495236609049023, 100.86899079290907],
                        [-1.950061985765793, 100.86864181699988],
                        [-1.95032735711048, 100.86871009489525],
                        [-1.9510988293053937, 100.86927907734825],
                        [-1.952122403648978, 100.86970202097467],
                        [-1.9522873127874931, 100.86985374963102],
                        [-1.9524389533656195, 100.86987271571178],
                        [-1.9525432062515262, 100.86977978190977],
                        [-1.9525128781399288, 100.86963753629443],
                        [-1.952311954386775, 100.86946684155606],
                        [-1.9510249044829944, 100.8690628640114],
                        [-1.9507671152841897, 100.86882768459407],
                        [-1.950865681747218, 100.86863802377364],
                        [-1.9510931427937017, 100.86859250517674],
                        [-1.973573724208075, 100.8688580303454],
                        [-1.9756511723993542, 100.86806904133239],
                        [-1.9762880538063423, 100.86721936085686],
                        [-1.9768187881255774, 100.86706763220053],
                        [-1.9776982903381028, 100.86714349652868],
                        [-1.9825355442838721, 100.86920700625498],
                        [-1.982838819915514, 100.86805386846676],
                        [-1.980329212391673, 100.86605863663583],
                        [-1.9803140485884294, 100.86571724715905],
                        [-1.9805035961189807, 100.8655655185027],
                        [-1.9808447816193235, 100.86546689487608],
                        [-1.9815574799933235, 100.86561103709961],
                        [-1.9865794798489114, 100.8678663326731],
                        [-1.985533886074392, 100.87317399693475],
                        [-1.9807904523329252, 100.8765678398991],
                        [-1.9805354286296983, 100.87636369896593],
                        [-1.9811219830884186, 100.8748326419674],
                        [-1.9806629404862162, 100.87457746580098],
                        [-1.9798659911975944, 100.87471462299169],
                        [-1.9794005726310704, 100.87510376663994],
                        [-1.9781637062497925, 100.87521859591426],
                        [-1.977857677316349, 100.8755375661223],
                        [-1.9781286404373624, 100.87615955802796],
                        [-1.9785558057382533, 100.87616274773004],
                        [-1.9791582999073456, 100.8759267097755],
                        [-1.9791710511084435, 100.87592033037082],
                        [-1.9795920218104313, 100.87589314553121],
                        [-1.97990803880284, 100.87663769340696],
                        [-1.979946237462064, 100.87730556345355],
                        [-1.9798267484629395, 100.87765880929275],
                        [-1.97947223803428, 100.87769770132407],
                        [-1.9765135138267074, 100.8776943485629],
                        [-1.9759961553908194, 100.87800280260156],
                        [-1.9759532655619212, 100.87867871927531],
                        [-1.9760765738052155, 100.87922320771146],
                        [-1.9766636281623382, 100.87969795869687],
                        [-1.9774919373532867, 100.88016198086166],
                        [-1.9775669944763707, 100.88066891837117],
                        [-1.9765858903815883, 100.88129923748305],
                        [-1.9766207383510348, 100.88193492102673],
                        [-1.9773284200479675, 100.88201270508705],
                        [-1.9780816718223557, 100.88170156883602],
                        [-1.9784006644586483, 100.88228629040786],
                        [-1.97784577805401, 100.88252232479807],
                        [-1.9768566322773269, 100.88276372361057],
                        [-1.9766689893829148, 100.8827583591925],
                        [-1.9763848443881664, 100.88295416045277],
                        [-1.9754546712577123, 100.88320897030637],
                        [-1.974567387475473, 100.88569806026734],
                        [-1.976566796689255, 100.8893271491613],
                        [-1.9792795749575747, 100.89688024955285],
                        [-1.9763630701165487, 100.90340338195043],
                        [-1.9788506775084114, 100.91121397468964],
                        [-1.9746474766400446, 100.92005453570216],
                        [-1.9674419647160886, 100.92159948811212],
                        [-1.9682139853417304, 100.92743597499417],
                        [-1.9707016047533672, 100.93052587950136],
                        [-1.950178632023234, 100.93183479755267],
                        [-1.946082585565075, 100.93009672609148],
                        [-1.9433590308407251, 100.9301396414362],
                        [-1.939884883647877, 100.93080482925937],
                        [-1.9366251835512684, 100.932371239319],
                        [-1.9349095494457735, 100.93503199069168],
                        [-1.9338587226209882, 100.93870125262578],
                        [-1.9230287355253903, 100.95485887963322],
                        [-1.9232003002122784, 100.97009382700918],
                        [-1.9127348227467293, 100.98322592230987],
                        [-1.889230157706601, 100.99850378503054],
                        [-1.8821958517811814, 101.02528295948194],
                        [-1.8643526098214063, 101.05583868481901],
                        [-1.8555381529064912, 101.05980835425277],
                        [-1.8510772918763567, 101.07422791007902],
                        [-1.8539940099372776, 101.08736000529044],
                        [-1.8531361518377545, 101.10804520106365],
                        [-1.8515920068119687, 101.1094184920947],
                        [-1.8488039636594815, 101.109032253984],
                        [-1.8468308844024353, 101.10963306881011],
                        [-1.8415979243338874, 101.11469707943989],
                        [-1.8255986972802154, 101.11499748684572],
                        [-1.8182638832979752, 101.11830196836995],
                        [-1.817963627125195, 101.11834488371467],
                        [-1.8054386109534268, 101.11542664027365],
                        [-1.7930850858023333, 101.10358200513066],
                        [-1.7790156908043673, 101.10838852364674],
                        [-1.7759272728376294, 101.10650024847902],
                        [-1.763573549093185, 101.09276733823008],
                        [-1.7529355548754049, 101.09070740168347],
                        [-1.752592392496338, 101.09105072440457],
                        [-1.7066081050778605, 101.13139114826657],
                        [-1.684988245064296, 101.13156280964546],
                        [-1.6698885168768143, 101.10495529610188],
                        [-1.670574870642001, 101.0949989361266],
                        [-1.6578772872726995, 101.06615982447411],
                        [-1.6770952198378903, 101.05723343325288],
                        [-1.6853314188299773, 101.05002365540396],
                        [-1.6873475664076198, 101.04380093041942],
                        [-1.6871330827220503, 101.04388676110885],
                        [-1.6931386170689555, 101.03766403619429],
                        [-1.6971279973932185, 101.03418789327188],
                        [-1.6987151679229608, 101.03131256517557],
                        [-1.6991012363155473, 101.02702103085842],
                        [-1.7056643858517906, 101.01208649103935],
                        [-1.710168495193177, 101.00882492486474],
                        [-1.7135572943089143, 101.0078378719453],
                        [-1.7176324244290129, 101.00509128988317],
                        [-1.7232946962052442, 101.00693664969167],
                        [-1.7267263678368612, 101.00629291952278],
                        [-1.7341902323184741, 101.00178680838692],
                        [-1.7434127826483385, 100.99225960194474],
                        [-1.7469731055545907, 100.97513638041666],
                        [-1.7534074035322051, 100.97110233804761],
                        [-1.756238487822233, 100.96200428498511],
                        [-1.755981116698461, 100.9578844118919],
                        [-1.758469036076212, 100.94964466570546],
                        [-1.7627585444533242, 100.94629726881723],
                        [-1.767562782207828, 100.93282185080555],
                        [-1.767991731393802, 100.92792950150736],
                        [-1.773310693056886, 100.91762981877434],
                        [-1.7733964827777158, 100.91728649621736],
                        [-1.7980179272326136, 100.90157948016729],
                        [-1.808655661402009, 100.88913403028604],
                        [-1.8113150853285298, 100.88166676042911],
                        [-1.8199796324225435, 100.86707554322398],
                        [-1.833705562918314, 100.8607240724495],
                        [-1.8372228155420383, 100.8613248872756],
                        [-1.8431420787053767, 100.85973701952092],
                        [-1.8503481116416818, 100.85342846384694],
                        [-1.862787028457976, 100.8371635485008],
                        [-1.8651461234154227, 100.83467445850698]